3 5 6
1 18
2 19
1 2
3 4 1
1 1
2 1
3 1
0 2 5
100 100 100
1 589
1 314
3 905
2 607
4 749
2 474
6 265
8 235
3 263
7 191
7 333
11 100
5 960
7 154
13 303
13 855
4 8
7 957
7 821
16 835
14 661
16 739
17 593
13 890
1 358
16 336
27 57
17 346
16 231
19 886
25 154
8 684
32 997
8 515
17 530
22 718
2 61
16 88
7 732
3 798
25 563
30 710
6 71
24 697
13 811
34 528
23 622
30 826
27 602
37 651
13 233
28 576
30 625
37 544
47 548
41 182
15 835
50 367
57 746
16 570
54 206
47 77
44 97
62 701
20 20
51 274
20 707
32 858
24 292
29 437
1 29
23 363
23 591
27 96
68 464
75 843
23 98
26 276
26 65
28 358
33 158
38 350
59 47
31 747
31 938
31 309
83 36
73 372
75 232
36 710
87 341
31 208
34 589
49 710
34 202
70 261
35 34
37 434
44 317
37 267
0 0 0 